0.17841020584106446	0.17573005199432373	0.175790057182312	0.17797017574310303	0.17875022888183595	0.17869020938873292	0.17859021186828614	0.17889023780822755	0.1765900993347168	0.17645009040832518	0.1785102128982544	0.17765016078948975	0.17639008522033692	0.17707013130187987	0.17771016120910643	0.17717013835906983	0.17679011344909668	0.18223042488098146	0.17915024757385253	0.17819018840789794

8.000373840332031e-05	6.000995635986328e-05	6.000041961669922e-05	6.000041961669922e-05	8.000850677490234e-05	6.000518798828125e-05	6.000041961669922e-05	8.000373840332031e-05	6.000518798828125e-05	6.000041961669922e-05	6.000518798828125e-05	8.000373840332031e-05	6.000518798828125e-05	6.000041961669922e-05	6.000995635986328e-05	6.000041961669922e-05	6.000518798828125e-05	6.000041961669922e-05	6.000518798828125e-05	8.000850677490234e-05

1.999855041503906e-05	2.0003318786621095e-05	1.999855041503906e-05	2.0003318786621095e-05	1.999855041503906e-05	1.999855041503906e-05	2.0003318786621095e-05	1.999855041503906e-05	2.0003318786621095e-05	1.999855041503906e-05	2.0008087158203125e-05	1.999855041503906e-05	0.0	1.999855041503906e-05	2.0003318786621095e-05	1.999855041503906e-05	2.0003318786621095e-05	2.0003318786621095e-05	1.999855041503906e-05	2.0003318786621095e-05

0.0	0.0	0.0	0.0	0.0	0.0	2.0003318786621095e-05	0.0	0.0	1.999855041503906e-05	0.0	0.0	0.0	1.999855041503906e-05	0.0	0.0	2.0008087158203125e-05	0.0	0.0	1.999855041503906e-05

0.0	0.0	0.0	0.0	0.0	0.0	2.0003318786621095e-05	0.0	0.0	0.0	0.0	0.0	0.0	1.999855041503906e-05	0.0	0.0	0.0	0.0	0.0	0.0

